2022/07/16-14:50:20.830436 7fb130869000 RocksDB version: 6.20.3
2022/07/16-14:50:20.830489 7fb130869000 Git sha 8608d75d85f8e1b3b64b73a4fb6d19baec61ba5c
2022/07/16-14:50:20.830491 7fb130869000 Compile date 2021-05-05 20:35:30
2022/07/16-14:50:20.830535 7fb130869000 DB SUMMARY
2022/07/16-14:50:20.830537 7fb130869000 DB Session ID:  P77JPQVIPH545Z3A5WHA
2022/07/16-14:50:20.830615 7fb130869000 CURRENT file:  CURRENT
2022/07/16-14:50:20.830617 7fb130869000 IDENTITY file:  IDENTITY
2022/07/16-14:50:20.830620 7fb130869000 MANIFEST file:  MANIFEST-000137 size: 16761 Bytes
2022/07/16-14:50:20.830622 7fb130869000 SST files in test-ledger/rocksdb dir, Total Num: 14, files: 000278.sst 000281.sst 000284.sst 000287.sst 000296.sst 000302.sst 000305.sst 000309.sst 000313.sst 
2022/07/16-14:50:20.830627 7fb130869000 Write Ahead Log file in test-ledger/rocksdb: 000276.log size: 46247 ; 000279.log size: 3073 ; 000282.log size: 10960 ; 000285.log size: 151910 ; 000288.log size: 2160 ; 000291.log size: 2352 ; 000294.log size: 3210 ; 000297.log size: 42654 ; 000300.log size: 3952 ; 000303.log size: 6288 ; 000306.log size: 6720 ; 000310.log size: 8386 ; 000314.log size: 5056 ; 000317.log size: 5248 ; 000320.log size: 45259 ; 000323.log size: 1480 ; 000326.log size: 7269999 ; 
2022/07/16-14:50:20.830629 7fb130869000                         Options.error_if_exists: 0
2022/07/16-14:50:20.830630 7fb130869000                       Options.create_if_missing: 1
2022/07/16-14:50:20.830631 7fb130869000                         Options.paranoid_checks: 1
2022/07/16-14:50:20.830633 7fb130869000                               Options.track_and_verify_wals_in_manifest: 0
2022/07/16-14:50:20.830634 7fb130869000                                     Options.env: 0x55f545316a60
2022/07/16-14:50:20.830635 7fb130869000                                      Options.fs: Posix File System
2022/07/16-14:50:20.830636 7fb130869000                                Options.info_log: 0x55f54649c050
2022/07/16-14:50:20.830637 7fb130869000                Options.max_file_opening_threads: 16
2022/07/16-14:50:20.830638 7fb130869000                              Options.statistics: (nil)
2022/07/16-14:50:20.830640 7fb130869000                               Options.use_fsync: 0
2022/07/16-14:50:20.830641 7fb130869000                       Options.max_log_file_size: 0
2022/07/16-14:50:20.830642 7fb130869000                  Options.max_manifest_file_size: 1073741824
2022/07/16-14:50:20.830643 7fb130869000                   Options.log_file_time_to_roll: 0
2022/07/16-14:50:20.830644 7fb130869000                       Options.keep_log_file_num: 1000
2022/07/16-14:50:20.830645 7fb130869000                    Options.recycle_log_file_num: 0
2022/07/16-14:50:20.830646 7fb130869000                         Options.allow_fallocate: 1
2022/07/16-14:50:20.830647 7fb130869000                        Options.allow_mmap_reads: 0
2022/07/16-14:50:20.830648 7fb130869000                       Options.allow_mmap_writes: 0
2022/07/16-14:50:20.830649 7fb130869000                        Options.use_direct_reads: 0
2022/07/16-14:50:20.830650 7fb130869000                        Options.use_direct_io_for_flush_and_compaction: 0
2022/07/16-14:50:20.830651 7fb130869000          Options.create_missing_column_families: 1
2022/07/16-14:50:20.830652 7fb130869000                              Options.db_log_dir: 
2022/07/16-14:50:20.830653 7fb130869000                                 Options.wal_dir: test-ledger/rocksdb
2022/07/16-14:50:20.830654 7fb130869000                Options.table_cache_numshardbits: 6
2022/07/16-14:50:20.830655 7fb130869000                         Options.WAL_ttl_seconds: 0
2022/07/16-14:50:20.830656 7fb130869000                       Options.WAL_size_limit_MB: 0
2022/07/16-14:50:20.830657 7fb130869000                        Options.max_write_batch_group_size_bytes: 1048576
2022/07/16-14:50:20.830658 7fb130869000             Options.manifest_preallocation_size: 4194304
2022/07/16-14:50:20.830659 7fb130869000                     Options.is_fd_close_on_exec: 1
2022/07/16-14:50:20.830660 7fb130869000                   Options.advise_random_on_open: 1
2022/07/16-14:50:20.830661 7fb130869000                    Options.db_write_buffer_size: 0
2022/07/16-14:50:20.830676 7fb130869000                    Options.write_buffer_manager: 0x55f5465487e0
2022/07/16-14:50:20.830677 7fb130869000         Options.access_hint_on_compaction_start: 1
2022/07/16-14:50:20.830678 7fb130869000  Options.new_table_reader_for_compaction_inputs: 0
2022/07/16-14:50:20.830679 7fb130869000           Options.random_access_max_buffer_size: 1048576
2022/07/16-14:50:20.830680 7fb130869000                      Options.use_adaptive_mutex: 0
2022/07/16-14:50:20.830681 7fb130869000                            Options.rate_limiter: (nil)
2022/07/16-14:50:20.830682 7fb130869000     Options.sst_file_manager.rate_bytes_per_sec: 0
2022/07/16-14:50:20.830683 7fb130869000                       Options.wal_recovery_mode: 2
2022/07/16-14:50:20.830684 7fb130869000                  Options.enable_thread_tracking: 0
2022/07/16-14:50:20.830685 7fb130869000                  Options.enable_pipelined_write: 0
2022/07/16-14:50:20.830686 7fb130869000                  Options.unordered_write: 0
2022/07/16-14:50:20.830687 7fb130869000         Options.allow_concurrent_memtable_write: 1
2022/07/16-14:50:20.830688 7fb130869000      Options.enable_write_thread_adaptive_yield: 1
2022/07/16-14:50:20.830689 7fb130869000             Options.write_thread_max_yield_usec: 100
2022/07/16-14:50:20.830690 7fb130869000            Options.write_thread_slow_yield_usec: 3
2022/07/16-14:50:20.830691 7fb130869000                               Options.row_cache: None
2022/07/16-14:50:20.830692 7fb130869000                              Options.wal_filter: None
2022/07/16-14:50:20.830694 7fb130869000             Options.avoid_flush_during_recovery: 0
2022/07/16-14:50:20.830695 7fb130869000             Options.allow_ingest_behind: 0
2022/07/16-14:50:20.830696 7fb130869000             Options.preserve_deletes: 0
2022/07/16-14:50:20.830697 7fb130869000             Options.two_write_queues: 0
2022/07/16-14:50:20.830698 7fb130869000             Options.manual_wal_flush: 0
2022/07/16-14:50:20.830699 7fb130869000             Options.atomic_flush: 0
2022/07/16-14:50:20.830700 7fb130869000             Options.avoid_unnecessary_blocking_io: 0
2022/07/16-14:50:20.830701 7fb130869000                 Options.persist_stats_to_disk: 0
2022/07/16-14:50:20.830702 7fb130869000                 Options.write_dbid_to_manifest: 0
2022/07/16-14:50:20.830703 7fb130869000                 Options.log_readahead_size: 0
2022/07/16-14:50:20.830704 7fb130869000                 Options.file_checksum_gen_factory: Unknown
2022/07/16-14:50:20.830705 7fb130869000                 Options.best_efforts_recovery: 0
2022/07/16-14:50:20.830706 7fb130869000                Options.max_bgerror_resume_count: 2147483647
2022/07/16-14:50:20.830707 7fb130869000            Options.bgerror_resume_retry_interval: 1000000
2022/07/16-14:50:20.830708 7fb130869000             Options.allow_data_in_errors: 0
2022/07/16-14:50:20.830709 7fb130869000             Options.db_host_id: __hostname__
2022/07/16-14:50:20.830710 7fb130869000             Options.max_background_jobs: 4
2022/07/16-14:50:20.830711 7fb130869000             Options.max_background_compactions: -1
2022/07/16-14:50:20.830712 7fb130869000             Options.max_subcompactions: 1
2022/07/16-14:50:20.830713 7fb130869000             Options.avoid_flush_during_shutdown: 0
2022/07/16-14:50:20.830714 7fb130869000           Options.writable_file_max_buffer_size: 1048576
2022/07/16-14:50:20.830715 7fb130869000             Options.delayed_write_rate : 16777216
2022/07/16-14:50:20.830716 7fb130869000             Options.max_total_wal_size: 4294967296
2022/07/16-14:50:20.830717 7fb130869000             Options.delete_obsolete_files_period_micros: 21600000000
2022/07/16-14:50:20.830718 7fb130869000                   Options.stats_dump_period_sec: 600
2022/07/16-14:50:20.830719 7fb130869000                 Options.stats_persist_period_sec: 600
2022/07/16-14:50:20.830720 7fb130869000                 Options.stats_history_buffer_size: 1048576
2022/07/16-14:50:20.830721 7fb130869000                          Options.max_open_files: -1
2022/07/16-14:50:20.830730 7fb130869000                          Options.bytes_per_sync: 0
2022/07/16-14:50:20.830731 7fb130869000                      Options.wal_bytes_per_sync: 0
2022/07/16-14:50:20.830732 7fb130869000                   Options.strict_bytes_per_sync: 0
2022/07/16-14:50:20.830733 7fb130869000       Options.compaction_readahead_size: 0
2022/07/16-14:50:20.830734 7fb130869000                  Options.max_background_flushes: -1
2022/07/16-14:50:20.830735 7fb130869000 Compression algorithms supported:
2022/07/16-14:50:20.830736 7fb130869000 	kZSTDNotFinalCompression supported: 0
2022/07/16-14:50:20.830738 7fb130869000 	kZSTD supported: 0
2022/07/16-14:50:20.830739 7fb130869000 	kXpressCompression supported: 0
2022/07/16-14:50:20.830740 7fb130869000 	kLZ4HCCompression supported: 1
2022/07/16-14:50:20.830741 7fb130869000 	kLZ4Compression supported: 1
2022/07/16-14:50:20.830742 7fb130869000 	kBZip2Compression supported: 0
2022/07/16-14:50:20.830743 7fb130869000 	kZlibCompression supported: 0
2022/07/16-14:50:20.830744 7fb130869000 	kSnappyCompression supported: 0
2022/07/16-14:50:20.830746 7fb130869000 Fast CRC32 supported: Not supported on x86
2022/07/16-14:50:20.842769 7fb130869000 [db/version_set.cc:4627] Recovering from manifest file: test-ledger/rocksdb/MANIFEST-000137
2022/07/16-14:50:20.842969 7fb130869000 [db/column_family.cc:598] --------------- Options for column family [default]:
2022/07/16-14:50:20.842972 7fb130869000               Options.comparator: leveldb.BytewiseComparator
2022/07/16-14:50:20.842974 7fb130869000           Options.merge_operator: None
2022/07/16-14:50:20.842975 7fb130869000        Options.compaction_filter: None
2022/07/16-14:50:20.842977 7fb130869000        Options.compaction_filter_factory: None
2022/07/16-14:50:20.842978 7fb130869000  Options.sst_partitioner_factory: None
2022/07/16-14:50:20.842979 7fb130869000         Options.memtable_factory: SkipListFactory
2022/07/16-14:50:20.842981 7fb130869000            Options.table_factory: BlockBasedTable
2022/07/16-14:50:20.843016 7fb130869000            table_factory options:   flush_block_policy_factory: FlushBlockBySizePolicyFactory (0x55f5465432c0)
  cache_index_and_filter_blocks: 0
  cache_index_and_filter_blocks_with_high_priority: 1
  pin_l0_filter_and_index_blocks_in_cache: 0
  pin_top_level_index_and_filter: 1
  index_type: 0
  data_block_index_type: 0
  index_shortening: 1
  data_block_hash_table_util_ratio: 0.750000
  hash_index_allow_collision: 1
  checksum: 1
  no_block_cache: 0
  block_cache: 0x55f546543e30
  block_cache_name: LRUCache
  block_cache_options:
    capacity : 8388608
    num_shard_bits : 4
    strict_capacity_limit : 0
    memory_allocator : None
    high_pri_pool_ratio: 0.000
  block_cache_compressed: (nil)
  persistent_cache: (nil)
  block_size: 4096
  block_size_deviation: 10
  block_restart_interval: 16
  index_block_restart_interval: 1
  metadata_block_size: 4096
  partition_filters: 0
  use_delta_encoding: 1
  filter_policy: nullptr
  whole_key_filtering: 1
  verify_compression: 0
  read_amp_bytes_per_bit: 0
  format_version: 5
  enable_index_compression: 1
  block_align: 0
2022/07/16-14:50:20.843018 7fb130869000        Options.write_buffer_size: 67108864
2022/07/16-14:50:20.843019 7fb130869000  Options.max_write_buffer_number: 2
2022/07/16-14:50:20.843020 7fb130869000          Options.compression: NoCompression
2022/07/16-14:50:20.843022 7fb130869000                  Options.bottommost_compression: Disabled
2022/07/16-14:50:20.843023 7fb130869000       Options.prefix_extractor: nullptr
2022/07/16-14:50:20.843024 7fb130869000   Options.memtable_insert_with_hint_prefix_extractor: nullptr
2022/07/16-14:50:20.843026 7fb130869000             Options.num_levels: 7
2022/07/16-14:50:20.843027 7fb130869000        Options.min_write_buffer_number_to_merge: 1
2022/07/16-14:50:20.843028 7fb130869000     Options.max_write_buffer_number_to_maintain: 0
2022/07/16-14:50:20.843029 7fb130869000     Options.max_write_buffer_size_to_maintain: 0
2022/07/16-14:50:20.843058 7fb130869000            Options.bottommost_compression_opts.window_bits: -14
2022/07/16-14:50:20.843060 7fb130869000                  Options.bottommost_compression_opts.level: 32767
2022/07/16-14:50:20.843061 7fb130869000               Options.bottommost_compression_opts.strategy: 0
2022/07/16-14:50:20.843062 7fb130869000         Options.bottommost_compression_opts.max_dict_bytes: 0
2022/07/16-14:50:20.843064 7fb130869000         Options.bottommost_compression_opts.zstd_max_train_bytes: 0
2022/07/16-14:50:20.843065 7fb130869000         Options.bottommost_compression_opts.parallel_threads: 1
2022/07/16-14:50:20.843066 7fb130869000                  Options.bottommost_compression_opts.enabled: false
2022/07/16-14:50:20.843068 7fb130869000         Options.bottommost_compression_opts.max_dict_buffer_bytes: 0
2022/07/16-14:50:20.843069 7fb130869000            Options.compression_opts.window_bits: -14
2022/07/16-14:50:20.843070 7fb130869000                  Options.compression_opts.level: 32767
2022/07/16-14:50:20.843071 7fb130869000               Options.compression_opts.strategy: 0
2022/07/16-14:50:20.843072 7fb130869000         Options.compression_opts.max_dict_bytes: 0
2022/07/16-14:50:20.843074 7fb130869000         Options.compression_opts.zstd_max_train_bytes: 0
2022/07/16-14:50:20.843075 7fb130869000         Options.compression_opts.parallel_threads: 1
2022/07/16-14:50:20.843076 7fb130869000                  Options.compression_opts.enabled: false
2022/07/16-14:50:20.843077 7fb130869000         Options.compression_opts.max_dict_buffer_bytes: 0
2022/07/16-14:50:20.843079 7fb130869000      Options.level0_file_num_compaction_trigger: 4
2022/07/16-14:50:20.843080 7fb130869000          Options.level0_slowdown_writes_trigger: 20
2022/07/16-14:50:20.843081 7fb130869000              Options.level0_stop_writes_trigger: 36
2022/07/16-14:50:20.843082 7fb130869000                   Options.target_file_size_base: 67108864
2022/07/16-14:50:20.843084 7fb130869000             Options.target_file_size_multiplier: 1
2022/07/16-14:50:20.843085 7fb130869000                Options.max_bytes_for_level_base: 268435456
2022/07/16-14:50:20.843086 7fb130869000 Options.level_compaction_dynamic_level_bytes: 0
2022/07/16-14:50:20.843087 7fb130869000          Options.max_bytes_for_level_multiplier: 10.000000
2022/07/16-14:50:20.843090 7fb130869000 Options.max_bytes_for_level_multiplier_addtl[0]: 1
2022/07/16-14:50:20.843092 7fb130869000 Options.max_bytes_for_level_multiplier_addtl[1]: 1
2022/07/16-14:50:20.843093 7fb130869000 Options.max_bytes_for_level_multiplier_addtl[2]: 1
2022/07/16-14:50:20.843094 7fb130869000 Options.max_bytes_for_level_multiplier_addtl[3]: 1
2022/07/16-14:50:20.843096 7fb130869000 Options.max_bytes_for_level_multiplier_addtl[4]: 1
2022/07/16-14:50:20.843097 7fb130869000 Options.max_bytes_for_level_multiplier_addtl[5]: 1
2022/07/16-14:50:20.843098 7fb130869000 Options.max_bytes_for_level_multiplier_addtl[6]: 1
2022/07/16-14:50:20.843100 7fb130869000       Options.max_sequential_skip_in_iterations: 8
2022/07/16-14:50:20.843101 7fb130869000                    Options.max_compaction_bytes: 1677721600
2022/07/16-14:50:20.843102 7fb130869000                        Options.arena_block_size: 8388608
2022/07/16-14:50:20.843103 7fb130869000   Options.soft_pending_compaction_bytes_limit: 68719476736
2022/07/16-14:50:20.843105 7fb130869000   Options.hard_pending_compaction_bytes_limit: 274877906944
2022/07/16-14:50:20.843106 7fb130869000       Options.rate_limit_delay_max_milliseconds: 100
2022/07/16-14:50:20.843107 7fb130869000                Options.disable_auto_compactions: 0
2022/07/16-14:50:20.843110 7fb130869000                        Options.compaction_style: kCompactionStyleLevel
2022/07/16-14:50:20.843112 7fb130869000                          Options.compaction_pri: kMinOverlappingRatio
2022/07/16-14:50:20.843113 7fb130869000 Options.compaction_options_universal.size_ratio: 1
2022/07/16-14:50:20.843114 7fb130869000 Options.compaction_options_universal.min_merge_width: 2
2022/07/16-14:50:20.843115 7fb130869000 Options.compaction_options_universal.max_merge_width: 4294967295
2022/07/16-14:50:20.843124 7fb130869000 Options.compaction_options_universal.max_size_amplification_percent: 200
2022/07/16-14:50:20.843126 7fb130869000 Options.compaction_options_universal.compression_size_percent: -1
2022/07/16-14:50:20.843127 7fb130869000 Options.compaction_options_universal.stop_style: kCompactionStopStyleTotalSize
2022/07/16-14:50:20.843129 7fb130869000 Options.compaction_options_fifo.max_table_files_size: 1073741824
2022/07/16-14:50:20.843130 7fb130869000 Options.compaction_options_fifo.allow_compaction: 0
2022/07/16-14:50:20.843137 7fb130869000                   Options.table_properties_collectors: 
2022/07/16-14:50:20.843139 7fb130869000                   Options.inplace_update_support: 0
2022/07/16-14:50:20.843140 7fb130869000                 Options.inplace_update_num_locks: 10000
2022/07/16-14:50:20.843141 7fb130869000               Options.memtable_prefix_bloom_size_ratio: 0.000000
2022/07/16-14:50:20.843143 7fb130869000               Options.memtable_whole_key_filtering: 0
2022/07/16-14:50:20.843144 7fb130869000   Options.memtable_huge_page_size: 0
2022/07/16-14:50:20.843145 7fb130869000                           Options.bloom_locality: 0
2022/07/16-14:50:20.843146 7fb130869000                    Options.max_successive_merges: 0
2022/07/16-14:50:20.843148 7fb130869000                Options.optimize_filters_for_hits: 0
2022/07/16-14:50:20.843149 7fb130869000                Options.paranoid_file_checks: 0
2022/07/16-14:50:20.843150 7fb130869000                Options.force_consistency_checks: 1
2022/07/16-14:50:20.843151 7fb130869000                Options.report_bg_io_stats: 0
2022/07/16-14:50:20.843152 7fb130869000                               Options.ttl: 2592000
2022/07/16-14:50:20.843154 7fb130869000          Options.periodic_compaction_seconds: 0
2022/07/16-14:50:20.843155 7fb130869000                    Options.enable_blob_files: false
2022/07/16-14:50:20.843156 7fb130869000                        Options.min_blob_size: 0
2022/07/16-14:50:20.843157 7fb130869000                       Options.blob_file_size: 268435456
2022/07/16-14:50:20.843159 7fb130869000                Options.blob_compression_type: NoCompression
2022/07/16-14:50:20.843160 7fb130869000       Options.enable_blob_garbage_collection: false
2022/07/16-14:50:20.843161 7fb130869000   Options.blob_garbage_collection_age_cutoff: 0.250000
2022/07/16-14:50:20.843335 7fb130869000 [db/column_family.cc:598] --------------- Options for column family [meta]:
2022/07/16-14:50:20.843338 7fb130869000               Options.comparator: leveldb.BytewiseComparator
2022/07/16-14:50:20.843339 7fb130869000           Options.merge_operator: None
2022/07/16-14:50:20.843340 7fb130869000        Options.compaction_filter: None
2022/07/16-14:50:20.843341 7fb130869000        Options.compaction_filter_factory: purged_slot_filter_factory(meta)
2022/07/16-14:50:20.843342 7fb130869000  Options.sst_partitioner_factory: None
2022/07/16-14:50:20.843343 7fb130869000         Options.memtable_factory: SkipListFactory
2022/07/16-14:50:20.843344 7fb130869000            Options.table_factory: BlockBasedTable
2022/07/16-14:50:20.843362 7fb130869000            table_factory options:   flush_block_policy_factory: FlushBlockBySizePolicyFactory (0x55f546519ae0)
  cache_index_and_filter_blocks: 0
  cache_index_and_filter_blocks_with_high_priority: 1
  pin_l0_filter_and_index_blocks_in_cache: 0
  pin_top_level_index_and_filter: 1
  index_type: 0
  data_block_index_type: 0
  index_shortening: 1
  data_block_hash_table_util_ratio: 0.750000
  hash_index_allow_collision: 1
  checksum: 1
  no_block_cache: 0
  block_cache: 0x55f546519b30
  block_cache_name: LRUCache
  block_cache_options:
    capacity : 8388608
    num_shard_bits : 4
    strict_capacity_limit : 0
    memory_allocator : None
    high_pri_pool_ratio: 0.000
  block_cache_compressed: (nil)
  persistent_cache: (nil)
  block_size: 4096
  block_size_deviation: 10
  block_restart_interval: 16
  index_block_restart_interval: 1
  metadata_block_size: 4096
  partition_filters: 0
  use_delta_encoding: 1
  filter_policy: nullptr
  whole_key_filtering: 1
  verify_compression: 0
  read_amp_bytes_per_bit: 0
  format_version: 5
  enable_index_compression: 1
  block_align: 0
2022/07/16-14:50:20.843375 7fb130869000        Options.write_buffer_size: 268435456
2022/07/16-14:50:20.843376 7fb130869000  Options.max_write_buffer_number: 8
2022/07/16-14:50:20.843377 7fb130869000          Options.compression: NoCompression
2022/07/16-14:50:20.843378 7fb130869000                  Options.bottommost_compression: Disabled
2022/07/16-14:50:20.843379 7fb130869000       Options.prefix_extractor: nullptr
2022/07/16-14:50:20.843380 7fb130869000   Options.memtable_insert_with_hint_prefix_extractor: nullptr
2022/07/16-14:50:20.843382 7fb130869000             Options.num_levels: 7
2022/07/16-14:50:20.843383 7fb130869000        Options.min_write_buffer_number_to_merge: 1
2022/07/16-14:50:20.843384 7fb130869000     Options.max_write_buffer_number_to_maintain: 0
2022/07/16-14:50:20.843385 7fb130869000     Options.max_write_buffer_size_to_maintain: 0
2022/07/16-14:50:20.843386 7fb130869000            Options.bottommost_compression_opts.window_bits: -14
2022/07/16-14:50:20.843387 7fb130869000                  Options.bottommost_compression_opts.level: 32767
2022/07/16-14:50:20.843388 7fb130869000               Options.bottommost_compression_opts.strategy: 0
2022/07/16-14:50:20.843389 7fb130869000         Options.bottommost_compression_opts.max_dict_bytes: 0
2022/07/16-14:50:20.843390 7fb130869000         Options.bottommost_compression_opts.zstd_max_train_bytes: 0
2022/07/16-14:50:20.843391 7fb130869000         Options.bottommost_compression_opts.parallel_threads: 1
2022/07/16-14:50:20.843392 7fb130869000                  Options.bottommost_compression_opts.enabled: false
2022/07/16-14:50:20.843393 7fb130869000         Options.bottommost_compression_opts.max_dict_buffer_bytes: 0
2022/07/16-14:50:20.843394 7fb130869000            Options.compression_opts.window_bits: -14
2022/07/16-14:50:20.843395 7fb130869000                  Options.compression_opts.level: 32767
2022/07/16-14:50:20.843396 7fb130869000               Options.compression_opts.strategy: 0
2022/07/16-14:50:20.843397 7fb130869000         Options.compression_opts.max_dict_bytes: 0
2022/07/16-14:50:20.843398 7fb130869000         Options.compression_opts.zstd_max_train_bytes: 0
2022/07/16-14:50:20.843399 7fb130869000         Options.compression_opts.parallel_threads: 1
2022/07/16-14:50:20.843400 7fb130869000                  Options.compression_opts.enabled: false
2022/07/16-14:50:20.843401 7fb130869000         Options.compression_opts.max_dict_buffer_bytes: 0
2022/07/16-14:50:20.843402 7fb130869000      Options.level0_file_num_compaction_trigger: 4
2022/07/16-14:50:20.843403 7fb130869000          Options.level0_slowdown_writes_trigger: 20
2022/07/16-14:50:20.843404 7fb130869000              Options.level0_stop_writes_trigger: 36
2022/07/16-14:50:20.843405 7fb130869000                   Options.target_file_size_base: 107374182
2022/07/16-14:50:20.843406 7fb130869000             Options.target_file_size_multiplier: 1
2022/07/16-14:50:20.843407 7fb130869000                Options.max_bytes_for_level_base: 1073741824
2022/07/16-14:50:20.843408 7fb130869000 Options.level_compaction_dynamic_level_bytes: 0
2022/07/16-14:50:20.843409 7fb130869000          Options.max_bytes_for_level_multiplier: 10.000000
2022/07/16-14:50:20.843411 7fb130869000 Options.max_bytes_for_level_multiplier_addtl[0]: 1
2022/07/16-14:50:20.843412 7fb130869000 Options.max_bytes_for_level_multiplier_addtl[1]: 1
2022/07/16-14:50:20.843413 7fb130869000 Options.max_bytes_for_level_multiplier_addtl[2]: 1
2022/07/16-14:50:20.843415 7fb130869000 Options.max_bytes_for_level_multiplier_addtl[3]: 1
2022/07/16-14:50:20.843416 7fb130869000 Options.max_bytes_for_level_multiplier_addtl[4]: 1
2022/07/16-14:50:20.843417 7fb130869000 Options.max_bytes_for_level_multiplier_addtl[5]: 1
2022/07/16-14:50:20.843418 7fb130869000 Options.max_bytes_for_level_multiplier_addtl[6]: 1
2022/07/16-14:50:20.843419 7fb130869000       Options.max_sequential_skip_in_iterations: 8
2022/07/16-14:50:20.843427 7fb130869000                    Options.max_compaction_bytes: 2684354550
2022/07/16-14:50:20.843428 7fb130869000                        Options.arena_block_size: 33554432
2022/07/16-14:50:20.843429 7fb130869000   Options.soft_pending_compaction_bytes_limit: 68719476736
2022/07/16-14:50:20.843431 7fb130869000   Options.hard_pending_compaction_bytes_limit: 274877906944
2022/07/16-14:50:20.843432 7fb130869000       Options.rate_limit_delay_max_milliseconds: 100
2022/07/16-14:50:20.843433 7fb130869000                Options.disable_auto_compactions: 0
2022/07/16-14:50:20.843434 7fb130869000                        Options.compaction_style: kCompactionStyleLevel
2022/07/16-14:50:20.843435 7fb130869000                          Options.compaction_pri: kMinOverlappingRatio
2022/07/16-14:50:20.843436 7fb130869000 Options.compaction_options_universal.size_ratio: 1
2022/07/16-14:50:20.843437 7fb130869000 Options.compaction_options_universal.min_merge_width: 2
2022/07/16-14:50:20.843438 7fb130869000 Options.compaction_options_universal.max_merge_width: 4294967295
2022/07/16-14:50:20.843439 7fb130869000 Options.compaction_options_universal.max_size_amplification_percent: 200
2022/07/16-14:50:20.843440 7fb130869000 Options.compaction_options_universal.compression_size_percent: -1
2022/07/16-14:50:20.843441 7fb130869000 Options.compaction_options_universal.stop_style: kCompactionStopStyleTotalSize
2022/07/16-14:50:20.843442 7fb130869000 Options.compaction_options_fifo.max_table_files_size: 1073741824
2022/07/16-14:50:20.843443 7fb130869000 Options.compaction_options_fifo.allow_compaction: 0
2022/07/16-14:50:20.843446 7fb130869000                   Options.table_properties_collectors: 
2022/07/16-14:50:20.843447 7fb130869000                   Options.inplace_update_support: 0
2022/07/16-14:50:20.843448 7fb130869000                 Options.inplace_update_num_locks: 10000
2022/07/16-14:50:20.843449 7fb130869000               Options.memtable_prefix_bloom_size_ratio: 0.000000
2022/07/16-14:50:20.843450 7fb130869000               Options.memtable_whole_key_filtering: 0
2022/07/16-14:50:20.843451 7fb130869000   Options.memtable_huge_page_size: 0
2022/07/16-14:50:20.843452 7fb130869000                           Options.bloom_locality: 0
2022/07/16-14:50:20.843453 7fb130869000                    Options.max_successive_merges: 0
2022/07/16-14:50:20.843454 7fb130869000                Options.optimize_filters_for_hits: 0
2022/07/16-14:50:20.843455 7fb130869000                Options.paranoid_file_checks: 0
2022/07/16-14:50:20.843456 7fb130869000                Options.force_consistency_checks: 1
2022/07/16-14:50:20.843457 7fb130869000                Options.report_bg_io_stats: 0
2022/07/16-14:50:20.843458 7fb130869000                               Options.ttl: 2592000
2022/07/16-14:50:20.843459 7fb130869000          Options.periodic_compaction_seconds: 2592000
2022/07/16-14:50:20.843460 7fb130869000                    Options.enable_blob_files: false
2022/07/16-14:50:20.843461 7fb130869000                        Options.min_blob_size: 0
2022/07/16-14:50:20.843462 7fb130869000                       Options.blob_file_size: 268435456
2022/07/16-14:50:20.843463 7fb130869000                Options.blob_compression_type: NoCompression
2022/07/16-14:50:20.843464 7fb130869000       Options.enable_blob_garbage_collection: false
2022/07/16-14:50:20.843465 7fb130869000   Options.blob_garbage_collection_age_cutoff: 0.250000
2022/07/16-14:50:20.843500 7fb130869000 [db/column_family.cc:598] --------------- Options for column family [dead_slots]:
2022/07/16-14:50:20.843502 7fb130869000               Options.comparator: leveldb.BytewiseComparator
2022/07/16-14:50:20.843503 7fb130869000           Options.merge_operator: None
2022/07/16-14:50:20.843504 7fb130869000        Options.compaction_filter: None
2022/07/16-14:50:20.843505 7fb130869000        Options.compaction_filter_factory: purged_slot_filter_factory(dead_slots)
2022/07/16-14:50:20.843506 7fb130869000  Options.sst_partitioner_factory: None
2022/07/16-14:50:20.843517 7fb130869000         Options.memtable_factory: SkipListFactory
2022/07/16-14:50:20.843518 7fb130869000            Options.table_factory: BlockBasedTable
2022/07/16-14:50:20.843535 7fb130869000            table_factory options:   flush_block_policy_factory: FlushBlockBySizePolicyFactory (0x55f54651bdd0)
  cache_index_and_filter_blocks: 0
  cache_index_and_filter_blocks_with_high_priority: 1
  pin_l0_filter_and_index_blocks_in_cache: 0
  pin_top_level_index_and_filter: 1
  index_type: 0
  data_block_index_type: 0
  index_shortening: 1
  data_block_hash_table_util_ratio: 0.750000
  hash_index_allow_collision: 1
  checksum: 1
  no_block_cache: 0
  block_cache: 0x55f54651be20
  block_cache_name: LRUCache
  block_cache_options:
    capacity : 8388608
    num_shard_bits : 4
    strict_capacity_limit : 0
    memory_allocator : None
    high_pri_pool_ratio: 0.000
  block_cache_compressed: (nil)
  persistent_cache: (nil)
  block_size: 4096
  block_size_deviation: 10
  block_restart_interval: 16
  index_block_restart_interval: 1
  metadata_block_size: 4096
  partition_filters: 0
  use_delta_encoding: 1
  filter_policy: nullptr
  whole_key_filtering: 1
  verify_compression: 0
  read_amp_bytes_per_bit: 0
  format_version: 5
  enable_index_compression: 1
  block_align: 0
2022/07/16-14:50:20.843536 7fb130869000        Options.write_buffer_size: 268435456
2022/07/16-14:50:20.843537 7fb130869000  Options.max_write_buffer_number: 8
2022/07/16-14:50:20.843538 7fb130869000          Options.compression: NoCompression
2022/07/16-14:50:20.843539 7fb130869000                  Options.bottommost_compression: Disabled
2022/07/16-14:50:20.843540 7fb130869000       Options.prefix_extractor: nullptr
2022/07/16-14:50:20.843541 7fb130869000   Options.memtable_insert_with_hint_prefix_extractor: nullptr
2022/07/16-14:50:20.843542 7fb130869000             Options.num_levels: 7
2022/07/16-14:50:20.843543 7fb130869000        Options.min_write_buffer_number_to_merge: 1
2022/07/16-14:50:20.843544 7fb130869000     Options.max_write_buffer_number_to_maintain: 0
2022/07/16-14:50:20.843545 7fb130869000     Options.max_write_buffer_size_to_maintain: 0
2022/07/16-14:50:20.843546 7fb130869000            Options.bottommost_compression_opts.window_bits: -14
2022/07/16-14:50:20.843547 7fb130869000                  Options.bottommost_compression_opts.level: 32767
2022/07/16-14:50:20.843548 7fb130869000               Options.bottommost_compression_opts.strategy: 0
2022/07/16-14:50:20.843549 7fb130869000         Options.bottommost_compression_opts.max_dict_bytes: 0
2022/07/16-14:50:20.843551 7fb130869000         Options.bottommost_compression_opts.zstd_max_train_bytes: 0
2022/07/16-14:50:20.843552 7fb130869000         Options.bottommost_compression_opts.parallel_threads: 1
2022/07/16-14:50:20.843553 7fb130869000                  Options.bottommost_compression_opts.enabled: false
2022/07/16-14:50:20.843554 7fb130869000         Options.bottommost_compression_opts.max_dict_buffer_bytes: 0
2022/07/16-14:50:20.843555 7fb130869000            Options.compression_opts.window_bits: -14
2022/07/16-14:50:20.843556 7fb130869000                  Options.compression_opts.level: 32767
2022/07/16-14:50:20.843557 7fb130869000               Options.compression_opts.strategy: 0
2022/07/16-14:50:20.843558 7fb130869000         Options.compression_opts.max_dict_bytes: 0
2022/07/16-14:50:20.843559 7fb130869000         Options.compression_opts.zstd_max_train_bytes: 0
2022/07/16-14:50:20.843560 7fb130869000         Options.compression_opts.parallel_threads: 1
2022/07/16-14:50:20.843561 7fb130869000                  Options.compression_opts.enabled: false
2022/07/16-14:50:20.843562 7fb130869000         Options.compression_opts.max_dict_buffer_bytes: 0
2022/07/16-14:50:20.843563 7fb130869000      Options.level0_file_num_compaction_trigger: 4
2022/07/16-14:50:20.843564 7fb130869000          Options.level0_slowdown_writes_trigger: 20
2022/07/16-14:50:20.843565 7fb130869000              Options.level0_stop_writes_trigger: 36
2022/07/16-14:50:20.843566 7fb130869000                   Options.target_file_size_base: 107374182
2022/07/16-14:50:20.843575 7fb130869000             Options.target_file_size_multiplier: 1
2022/07/16-14:50:20.843576 7fb130869000                Options.max_bytes_for_level_base: 1073741824
2022/07/16-14:50:20.843577 7fb130869000 Options.level_compaction_dynamic_level_bytes: 0
2022/07/16-14:50:20.843578 7fb130869000          Options.max_bytes_for_level_multiplier: 10.000000
2022/07/16-14:50:20.843580 7fb130869000 Options.max_bytes_for_level_multiplier_addtl[0]: 1
2022/07/16-14:50:20.843581 7fb130869000 Options.max_bytes_for_level_multiplier_addtl[1]: 1
2022/07/16-14:50:20.843582 7fb130869000 Options.max_bytes_for_level_multiplier_addtl[2]: 1
2022/07/16-14:50:20.843583 7fb130869000 Options.max_bytes_for_level_multiplier_addtl[3]: 1
2022/07/16-14:50:20.843584 7fb130869000 Options.max_bytes_for_level_multiplier_addtl[4]: 1
2022/07/16-14:50:20.843585 7fb130869000 Options.max_bytes_for_level_multiplier_addtl[5]: 1
2022/07/16-14:50:20.843586 7fb130869000 Options.max_bytes_for_level_multiplier_addtl[6]: 1
2022/07/16-14:50:20.843587 7fb130869000       Options.max_sequential_skip_in_iterations: 8
2022/07/16-14:50:20.843588 7fb130869000                    Options.max_compaction_bytes: 2684354550
2022/07/16-14:50:20.843589 7fb130869000                        Options.arena_block_size: 33554432
2022/07/16-14:50:20.843590 7fb130869000   Options.soft_pending_compaction_bytes_limit: 68719476736
2022/07/16-14:50:20.843591 7fb130869000   Options.hard_pending_compaction_bytes_limit: 274877906944
2022/07/16-14:50:20.843592 7fb130869000       Options.rate_limit_delay_max_milliseconds: 100
2022/07/16-14:50:20.843593 7fb130869000                Options.disable_auto_compactions: 0
2022/07/16-14:50:20.843594 7fb130869000                        Options.compaction_style: kCompactionStyleLevel
2022/07/16-14:50:20.843596 7fb130869000                          Options.compaction_pri: kMinOverlappingRatio
2022/07/16-14:50:20.843597 7fb130869000 Options.compaction_options_universal.size_ratio: 1
2022/07/16-14:50:20.843598 7fb130869000 Options.compaction_options_universal.min_merge_width: 2
2022/07/16-14:50:20.843599 7fb130869000 Options.compaction_options_universal.max_merge_width: 4294967295
2022/07/16-14:50:20.843600 7fb130869000 Options.compaction_options_universal.max_size_amplification_percent: 200
2022/07/16-14:50:20.843601 7fb130869000 Options.compaction_options_universal.compression_size_percent: -1
2022/07/16-14:50:20.843602 7fb130869000 Options.compaction_options_universal.stop_style: kCompactionStopStyleTotalSize
2022/07/16-14:50:20.843603 7fb130869000 Options.compaction_options_fifo.max_table_files_size: 1073741824
2022/07/16-14:50:20.843604 7fb130869000 Options.compaction_options_fifo.allow_compaction: 0
2022/07/16-14:50:20.843606 7fb130869000                   Options.table_properties_collectors: 
2022/07/16-14:50:20.843607 7fb130869000                   Options.inplace_update_support: 0
2022/07/16-14:50:20.843608 7fb130869000                 Options.inplace_update_num_locks: 10000
2022/07/16-14:50:20.843609 7fb130869000               Options.memtable_prefix_bloom_size_ratio: 0.000000
2022/07/16-14:50:20.843610 7fb130869000               Options.memtable_whole_key_filtering: 0
2022/07/16-14:50:20.843612 7fb130869000   Options.memtable_huge_page_size: 0
2022/07/16-14:50:20.843613 7fb130869000                           Options.bloom_locality: 0
2022/07/16-14:50:20.843614 7fb130869000                    Options.max_successive_merges: 0
2022/07/16-14:50:20.843615 7fb130869000                Options.optimize_filters_for_hits: 0
2022/07/16-14:50:20.843615 7fb130869000                Options.paranoid_file_checks: 0
2022/07/16-14:50:20.843616 7fb130869000                Options.force_consistency_checks: 1
2022/07/16-14:50:20.843617 7fb130869000                Options.report_bg_io_stats: 0
2022/07/16-14:50:20.843618 7fb130869000                               Options.ttl: 2592000
2022/07/16-14:50:20.843619 7fb130869000          Options.periodic_compaction_seconds: 2592000
2022/07/16-14:50:20.843628 7fb130869000                    Options.enable_blob_files: false
2022/07/16-14:50:20.843629 7fb130869000                        Options.min_blob_size: 0
2022/07/16-14:50:20.843630 7fb130869000                       Options.blob_file_size: 268435456
2022/07/16-14:50:20.843631 7fb130869000                Options.blob_compression_type: NoCompression
2022/07/16-14:50:20.843632 7fb130869000       Options.enable_blob_garbage_collection: false
2022/07/16-14:50:20.843633 7fb130869000   Options.blob_garbage_collection_age_cutoff: 0.250000
2022/07/16-14:50:20.843661 7fb130869000 [db/column_family.cc:598] --------------- Options for column family [duplicate_slots]:
2022/07/16-14:50:20.843663 7fb130869000               Options.comparator: leveldb.BytewiseComparator
2022/07/16-14:50:20.843665 7fb130869000           Options.merge_operator: None
2022/07/16-14:50:20.843666 7fb130869000        Options.compaction_filter: None
2022/07/16-14:50:20.843667 7fb130869000        Options.compaction_filter_factory: purged_slot_filter_factory(duplicate_slots)
2022/07/16-14:50:20.843670 7fb130869000  Options.sst_partitioner_factory: None
2022/07/16-14:50:20.843672 7fb130869000         Options.memtable_factory: SkipListFactory
2022/07/16-14:50:20.843674 7fb130869000            Options.table_factory: BlockBasedTable
2022/07/16-14:50:20.843708 7fb130869000            table_factory options:   flush_block_policy_factory: FlushBlockBySizePolicyFactory (0x55f54651e0a0)
  cache_index_and_filter_blocks: 0
  cache_index_and_filter_blocks_with_high_priority: 1
  pin_l0_filter_and_index_blocks_in_cache: 0
  pin_top_level_index_and_filter: 1
  index_type: 0
  data_block_index_type: 0
  index_shortening: 1
  data_block_hash_table_util_ratio: 0.750000
  hash_index_allow_collision: 1
  checksum: 1
  no_block_cache: 0
  block_cache: 0x55f54651e0f0
  block_cache_name: LRUCache
  block_cache_options:
    capacity : 8388608
    num_shard_bits : 4
    strict_capacity_limit : 0
    memory_allocator : None
    high_pri_pool_ratio: 0.000
  block_cache_compressed: (nil)
  persistent_cache: (nil)
  block_size: 4096
  block_size_deviation: 10
  block_restart_interval: 16
  index_block_restart_interval: 1
  metadata_block_size: 4096
  partition_filters: 0
  use_delta_encoding: 1
  filter_policy: nullptr
  whole_key_filtering: 1
  verify_compression: 0
  read_amp_bytes_per_bit: 0
  format_version: 5
  enable_index_compression: 1
  block_align: 0
2022/07/16-14:50:20.843713 7fb130869000        Options.write_buffer_size: 268435456
2022/07/16-14:50:20.843715 7fb130869000  Options.max_write_buffer_number: 8
2022/07/16-14:50:20.843717 7fb130869000          Options.compression: NoCompression
2022/07/16-14:50:20.843719 7fb130869000                  Options.bottommost_compression: Disabled
2022/07/16-14:50:20.843722 7fb130869000       Options.prefix_extractor: nullptr
2022/07/16-14:50:20.843724 7fb130869000   Options.memtable_insert_with_hint_prefix_extractor: nullptr
